% c3i.dat
  process c3i.dat with c3i_prep.c to produce c3i_frame.bif

  c3i.vrb + c3i_map.bif + c3i_frame.bif constitute a
	C3I Picture Level Benchmark
  containing a background grid and map plus 50 frames
  each with 16 targets at varying position and orientation
  and with varying annotation.

  It is specifically permitted for a PLB port to place
  the background map in a fixed frame buffer and to 
  draw only the variable target data for each frame.
  The report must, obvously, mention this modification.

  C3I submitted to the Graphics Performance Characterization
  Committee, June 1990, by Megatek Corporation.
%



% Create the transformation structures for each frame %

BEGIN_STRUCTURE 200;
LOCAL_TRANSFORMATION3
	{0.000	-1.000	0.002	0.000}
	{-0.335	-0.002	-0.942	-21.600}
	{0.942	0.000	-0.335	19.190}
	{0.000	0.000	0.000	1.000}
	REPLACE ;
LINE_COLOR	0.000	0.700	0.700 ;
TEXT_COLOR	0.000	0.700	0.700 ;
EXECUTE_STRUCTURE 16;
ANNOTATION_TEXT3 0 0 0   .01 .05 0   '15';
ANNOTATION_TEXT3 0 0 0   .01 .03 0   '0.00';
ANNOTATION_TEXT3 0 0 0   .01 .01 0   '-21.60';
LOCAL_TRANSFORMATION3
	{0.001	-1.000	-0.002	0.000}
	{0.429	0.002	-0.903	-20.730}
	{0.903	0.000	0.429	36.760}
	{0.000	0.000	0.000	1.000}
	REPLACE ;
LINE_COLOR	0.780	0.000	0.137 ;
TEXT_COLOR	0.780	0.000	0.137 ;
EXECUTE_STRUCTURE 16;
ANNOTATION_TEXT3 0 0 0   .01 .05 0   '14';
ANNOTATION_TEXT3 0 0 0   .01 .03 0   '0.00';
ANNOTATION_TEXT3 0 0 0   .01 .01 0   '-20.73';
LOCAL_TRANSFORMATION3
	{-0.869	0.174	-0.462	27.530}
	{-0.004	-0.938	-0.346	91.860}
	{-0.494	-0.299	0.817	19.750}
	{0.000	0.000	0.000	1.000}
	REPLACE ;
LINE_COLOR	1.000	1.000	1.000 ;
TEXT_COLOR	1.000	1.000	1.000 ;
EXECUTE_STRUCTURE 16;
ANNOTATION_TEXT3 0 0 0   .01 .05 0   '13';
ANNOTATION_TEXT3 0 0 0   .01 .03 0   '27.53';
ANNOTATION_TEXT3 0 0 0   .01 .01 0   '91.86';
LOCAL_TRANSFORMATION3
	{0.863	-0.167	-0.477	110.260}
	{-0.005	0.941	-0.337	78.740}
	{0.506	0.293	0.811	39.430}
	{0.000	0.000	0.000	1.000}
	REPLACE ;
LINE_COLOR	0.780	0.300	0.780 ;
TEXT_COLOR	0.780	0.300	0.780 ;
EXECUTE_STRUCTURE 16;
ANNOTATION_TEXT3 0 0 0   .01 .05 0   '12';
ANNOTATION_TEXT3 0 0 0   .01 .03 0   '110.26';
ANNOTATION_TEXT3 0 0 0   .01 .01 0   '78.74';
LOCAL_TRANSFORMATION3
	{-0.940	-0.002	-0.341	-77.450}
	{0.002	-1.000	0.001	-91.860}
	{-0.341	0.000	0.940	13.180}
	{0.000	0.000	0.000	1.000}
	REPLACE ;
LINE_COLOR	0.000	0.700	0.700 ;
TEXT_COLOR	0.000	0.700	0.700 ;
EXECUTE_STRUCTURE 16;
ANNOTATION_TEXT3 0 0 0   .01 .05 0   '11';
ANNOTATION_TEXT3 0 0 0   .01 .03 0   '-77.45';
ANNOTATION_TEXT3 0 0 0   .01 .01 0   '-91.86';
LOCAL_TRANSFORMATION3
	{0.955	0.298	0.000	13.630}
	{-0.298	0.955	0.000	43.860}
	{0.000	0.000	1.000	26.240}
	{0.000	0.000	0.000	1.000}
	REPLACE ;
LINE_COLOR	0.780	0.000	0.137 ;
TEXT_COLOR	0.780	0.000	0.137 ;
EXECUTE_STRUCTURE 16;
ANNOTATION_TEXT3 0 0 0   .01 .05 0   '10';
ANNOTATION_TEXT3 0 0 0   .01 .03 0   '13.63';
ANNOTATION_TEXT3 0 0 0   .01 .01 0   '43.86';
LOCAL_TRANSFORMATION3
	{0.904	0.427	0.000	19.620}
	{-0.427	0.904	0.000	-4.390}
	{0.000	0.000	1.000	26.180}
	{0.000	0.000	0.000	1.000}
	REPLACE ;
LINE_COLOR	1.000	1.000	1.000 ;
TEXT_COLOR	1.000	1.000	1.000 ;
EXECUTE_STRUCTURE 16;
ANNOTATION_TEXT3 0 0 0   .01 .05 0   '9';
ANNOTATION_TEXT3 0 0 0   .01 .03 0   '19.62';
ANNOTATION_TEXT3 0 0 0   .01 .01 0   '-4.39';
LOCAL_TRANSFORMATION3
	{0.426	0.905	-0.002	-41.540}
	{-0.905	0.426	0.002	26.310}
	{0.003	0.001	1.000	19.680}
	{0.000	0.000	0.000	1.000}
	REPLACE ;
LINE_COLOR	0.780	0.300	0.780 ;
TEXT_COLOR	0.780	0.300	0.780 ;
EXECUTE_STRUCTURE 16;
ANNOTATION_TEXT3 0 0 0   .01 .05 0   '8';
ANNOTATION_TEXT3 0 0 0   .01 .03 0   '-41.54';
ANNOTATION_TEXT3 0 0 0   .01 .01 0   '26.31';
LOCAL_TRANSFORMATION3
	{-0.997	-0.083	0.000	3.760}
	{0.083	-0.997	0.000	91.710}
	{0.000	0.000	1.000	39.370}
	{0.000	0.000	0.000	1.000}
	REPLACE ;
LINE_COLOR	0.000	0.700	0.700 ;
TEXT_COLOR	0.000	0.700	0.700 ;
EXECUTE_STRUCTURE 16;
ANNOTATION_TEXT3 0 0 0   .01 .05 0   '7';
ANNOTATION_TEXT3 0 0 0   .01 .03 0   '3.76';
ANNOTATION_TEXT3 0 0 0   .01 .01 0   '91.71';
LOCAL_TRANSFORMATION3
	{-0.904	-0.428	-0.002	-19.860}
	{0.428	-0.904	0.001	-42.090}
	{-0.003	0.000	1.000	32.800}
	{0.000	0.000	0.000	1.000}
	REPLACE ;
LINE_COLOR	0.780	0.000	0.137 ;
TEXT_COLOR	0.780	0.000	0.137 ;
EXECUTE_STRUCTURE 16;
ANNOTATION_TEXT3 0 0 0   .01 .05 0   '6';
ANNOTATION_TEXT3 0 0 0   .01 .03 0   '-19.86';
ANNOTATION_TEXT3 0 0 0   .01 .01 0   '-42.09';
LOCAL_TRANSFORMATION3
	{0.428	-0.904	0.000	-41.530}
	{0.904	0.428	0.000	-26.320}
	{0.000	0.000	1.000	13.120}
	{0.000	0.000	0.000	1.000}
	REPLACE ;
LINE_COLOR	1.000	1.000	1.000 ;
TEXT_COLOR	1.000	1.000	1.000 ;
EXECUTE_STRUCTURE 16;
ANNOTATION_TEXT3 0 0 0   .01 .05 0   '5';
ANNOTATION_TEXT3 0 0 0   .01 .03 0   '-41.53';
ANNOTATION_TEXT3 0 0 0   .01 .01 0   '-26.32';
LOCAL_TRANSFORMATION3
	{-0.849	-0.493	0.188	-19.600}
	{0.402	-0.835	-0.375	-87.470}
	{0.342	-0.243	0.908	32.800}
	{0.000	0.000	0.000	1.000}
	REPLACE ;
LINE_COLOR	0.780	0.300	0.780 ;
TEXT_COLOR	0.780	0.300	0.780 ;
EXECUTE_STRUCTURE 16;
ANNOTATION_TEXT3 0 0 0   .01 .05 0   '4';
ANNOTATION_TEXT3 0 0 0   .01 .03 0   '-19.60';
ANNOTATION_TEXT3 0 0 0   .01 .01 0   '-87.47';
LOCAL_TRANSFORMATION3
	{0.996	0.081	-0.046	4.210}
	{-0.093	0.863	-0.496	45.740}
	{0.000	0.499	0.867	26.310}
	{0.000	0.000	0.000	1.000}
	REPLACE ;
LINE_COLOR	0.000	0.700	0.700 ;
TEXT_COLOR	0.000	0.700	0.700 ;
EXECUTE_STRUCTURE 16;
ANNOTATION_TEXT3 0 0 0   .01 .05 0   '3';
ANNOTATION_TEXT3 0 0 0   .01 .03 0   '4.21';
ANNOTATION_TEXT3 0 0 0   .01 .01 0   '45.74';
LOCAL_TRANSFORMATION3
	{0.904	0.401	-0.146	19.620}
	{-0.427	0.850	-0.308	41.530}
	{0.000	0.341	0.940	26.240}
	{0.000	0.000	0.000	1.000}
	REPLACE ;
LINE_COLOR	0.780	0.000	0.137 ;
TEXT_COLOR	0.780	0.000	0.137 ;
EXECUTE_STRUCTURE 16;
ANNOTATION_TEXT3 0 0 0   .01 .05 0   '2';
ANNOTATION_TEXT3 0 0 0   .01 .03 0   '19.62';
ANNOTATION_TEXT3 0 0 0   .01 .01 0   '41.53';
LOCAL_TRANSFORMATION3
	{-0.954	-0.294	0.051	-13.650}
	{0.299	-0.940	0.164	-43.860}
	{0.000	0.172	0.985	32.740}
	{0.000	0.000	0.000	1.000}
	REPLACE ;
LINE_COLOR	1.000	1.000	1.000 ;
TEXT_COLOR	1.000	1.000	1.000 ;
EXECUTE_STRUCTURE 16;
ANNOTATION_TEXT3 0 0 0   .01 .05 0   '1';
ANNOTATION_TEXT3 0 0 0   .01 .03 0   '-13.65';
ANNOTATION_TEXT3 0 0 0   .01 .01 0   '-43.86';
LOCAL_TRANSFORMATION3
	{-0.904	-0.428	0.000	-19.610}
	{0.428	-0.904	0.000	-41.530}
	{0.000	0.000	1.000	25.000}
	{0.000	0.000	0.000	1.000}
	REPLACE ;
LINE_COLOR	0.780	0.300	0.780 ;
TEXT_COLOR	0.780	0.300	0.780 ;
EXECUTE_STRUCTURE 16;
ANNOTATION_TEXT3 0 0 0   .01 .05 0   '0';
ANNOTATION_TEXT3 0 0 0   .01 .03 0   '-19.61';
ANNOTATION_TEXT3 0 0 0   .01 .01 0   '-41.53';
END_STRUCTURE;


BEGIN_STRUCTURE 201;
LOCAL_TRANSFORMATION3
	{0.002	-1.000	-0.001	0.000}
	{0.939	0.002	-0.345	-7.890}
	{0.345	0.000	0.939	48.450}
	{0.000	0.000	0.000	1.000}
	REPLACE ;
LINE_COLOR	0.000	0.700	0.700 ;
TEXT_COLOR	0.000	0.700	0.700 ;
EXECUTE_STRUCTURE 16;
ANNOTATION_TEXT3 0 0 0   .01 .05 0   '15';
ANNOTATION_TEXT3 0 0 0   .01 .03 0   '0.00';
ANNOTATION_TEXT3 0 0 0   .01 .01 0   '-7.89';
LOCAL_TRANSFORMATION3
	{0.002	-1.000	0.001	0.000}
	{0.908	0.002	0.418	9.630}
	{-0.418	0.000	0.908	47.740}
	{0.000	0.000	0.000	1.000}
	REPLACE ;
LINE_COLOR	0.780	0.000	0.137 ;
TEXT_COLOR	0.780	0.000	0.137 ;
EXECUTE_STRUCTURE 16;
ANNOTATION_TEXT3 0 0 0   .01 .05 0   '14';
ANNOTATION_TEXT3 0 0 0   .01 .03 0   '0.00';
ANNOTATION_TEXT3 0 0 0   .01 .01 0   '9.63';
LOCAL_TRANSFORMATION3
	{-0.869	0.173	-0.463	3.090}
	{-0.003	-0.938	-0.345	91.850}
	{-0.494	-0.299	0.817	19.750}
	{0.000	0.000	0.000	1.000}
	REPLACE ;
LINE_COLOR	1.000	1.000	1.000 ;
TEXT_COLOR	1.000	1.000	1.000 ;
EXECUTE_STRUCTURE 16;
ANNOTATION_TEXT3 0 0 0   .01 .05 0   '13';
ANNOTATION_TEXT3 0 0 0   .01 .03 0   '3.09';
ANNOTATION_TEXT3 0 0 0   .01 .01 0   '91.85';
LOCAL_TRANSFORMATION3
	{0.863	-0.167	-0.477	134.700}
	{-0.005	0.941	-0.337	78.740}
	{0.506	0.293	0.811	39.440}
	{0.000	0.000	0.000	1.000}
	REPLACE ;
LINE_COLOR	0.780	0.300	0.780 ;
TEXT_COLOR	0.780	0.300	0.780 ;
EXECUTE_STRUCTURE 16;
ANNOTATION_TEXT3 0 0 0   .01 .05 0   '12';
ANNOTATION_TEXT3 0 0 0   .01 .03 0   '134.70';
ANNOTATION_TEXT3 0 0 0   .01 .01 0   '78.74';
LOCAL_TRANSFORMATION3
	{-0.940	-0.002	-0.341	-101.900}
	{0.002	-1.000	0.001	-91.860}
	{-0.341	0.000	0.940	13.180}
	{0.000	0.000	0.000	1.000}
	REPLACE ;
LINE_COLOR	0.000	0.700	0.700 ;
TEXT_COLOR	0.000	0.700	0.700 ;
EXECUTE_STRUCTURE 16;
ANNOTATION_TEXT3 0 0 0   .01 .05 0   '11';
ANNOTATION_TEXT3 0 0 0   .01 .03 0   '-101.90';
ANNOTATION_TEXT3 0 0 0   .01 .01 0   '-91.86';
LOCAL_TRANSFORMATION3
	{-0.288	0.958	0.000	44.010}
	{-0.958	-0.288	0.000	-13.180}
	{0.000	0.000	1.000	26.240}
	{0.000	0.000	0.000	1.000}
	REPLACE ;
LINE_COLOR	0.780	0.000	0.137 ;
TEXT_COLOR	0.780	0.000	0.137 ;
EXECUTE_STRUCTURE 16;
ANNOTATION_TEXT3 0 0 0   .01 .05 0   '10';
ANNOTATION_TEXT3 0 0 0   .01 .03 0   '44.01';
ANNOTATION_TEXT3 0 0 0   .01 .01 0   '-13.18';
LOCAL_TRANSFORMATION3
	{-0.418	0.909	0.000	41.760}
	{-0.909	-0.418	0.000	-65.110}
	{0.000	0.000	1.000	26.180}
	{0.000	0.000	0.000	1.000}
	REPLACE ;
LINE_COLOR	1.000	1.000	1.000 ;
TEXT_COLOR	1.000	1.000	1.000 ;
EXECUTE_STRUCTURE 16;
ANNOTATION_TEXT3 0 0 0   .01 .05 0   '9';
ANNOTATION_TEXT3 0 0 0   .01 .03 0   '41.76';
ANNOTATION_TEXT3 0 0 0   .01 .01 0   '-65.11';
LOCAL_TRANSFORMATION3
	{0.909	0.417	0.000	19.180}
	{-0.417	0.909	0.000	-4.180}
	{0.000	0.000	1.000	19.680}
	{0.000	0.000	0.000	1.000}
	REPLACE ;
LINE_COLOR	0.780	0.300	0.780 ;
TEXT_COLOR	0.780	0.300	0.780 ;
EXECUTE_STRUCTURE 16;
ANNOTATION_TEXT3 0 0 0   .01 .05 0   '8';
ANNOTATION_TEXT3 0 0 0   .01 .03 0   '19.18';
ANNOTATION_TEXT3 0 0 0   .01 .01 0   '-4.18';
LOCAL_TRANSFORMATION3
	{-0.094	0.996	0.000	-45.780}
	{-0.996	-0.094	0.000	50.190}
	{0.000	0.000	1.000	39.370}
	{0.000	0.000	0.000	1.000}
	REPLACE ;
LINE_COLOR	0.000	0.700	0.700 ;
TEXT_COLOR	0.000	0.700	0.700 ;
EXECUTE_STRUCTURE 16;
ANNOTATION_TEXT3 0 0 0   .01 .05 0   '7';
ANNOTATION_TEXT3 0 0 0   .01 .03 0   '-45.78';
ANNOTATION_TEXT3 0 0 0   .01 .01 0   '50.19';
LOCAL_TRANSFORMATION3
	{0.419	-0.908	0.000	-42.290}
	{0.908	0.419	-0.003	19.430}
	{0.003	0.001	1.000	32.810}
	{0.000	0.000	0.000	1.000}
	REPLACE ;
LINE_COLOR	0.780	0.000	0.137 ;
TEXT_COLOR	0.780	0.000	0.137 ;
EXECUTE_STRUCTURE 16;
ANNOTATION_TEXT3 0 0 0   .01 .05 0   '6';
ANNOTATION_TEXT3 0 0 0   .01 .03 0   '-42.29';
ANNOTATION_TEXT3 0 0 0   .01 .01 0   '19.43';
LOCAL_TRANSFORMATION3
	{0.909	-0.416	0.000	19.140}
	{0.416	0.909	0.000	4.180}
	{0.000	0.000	1.000	13.120}
	{0.000	0.000	0.000	1.000}
	REPLACE ;
LINE_COLOR	1.000	1.000	1.000 ;
TEXT_COLOR	1.000	1.000	1.000 ;
EXECUTE_STRUCTURE 16;
ANNOTATION_TEXT3 0 0 0   .01 .05 0   '5';
ANNOTATION_TEXT3 0 0 0   .01 .03 0   '19.14';
ANNOTATION_TEXT3 0 0 0   .01 .01 0   '4.18';
LOCAL_TRANSFORMATION3
	{0.394	-0.841	-0.372	-41.720}
	{0.853	0.485	-0.193	-26.730}
	{0.342	-0.242	0.908	32.800}
	{0.000	0.000	0.000	1.000}
	REPLACE ;
LINE_COLOR	0.780	0.300	0.780 ;
TEXT_COLOR	0.780	0.300	0.780 ;
EXECUTE_STRUCTURE 16;
ANNOTATION_TEXT3 0 0 0   .01 .05 0   '4';
ANNOTATION_TEXT3 0 0 0   .01 .03 0   '-41.72';
ANNOTATION_TEXT3 0 0 0   .01 .01 0   '-26.73';
LOCAL_TRANSFORMATION3
	{-0.082	0.864	-0.497	45.790}
	{-0.997	-0.071	0.039	-3.750}
	{-0.001	0.499	0.867	26.310}
	{0.000	0.000	0.000	1.000}
	REPLACE ;
LINE_COLOR	0.000	0.700	0.700 ;
TEXT_COLOR	0.000	0.700	0.700 ;
EXECUTE_STRUCTURE 16;
ANNOTATION_TEXT3 0 0 0   .01 .05 0   '3';
ANNOTATION_TEXT3 0 0 0   .01 .03 0   '45.79';
ANNOTATION_TEXT3 0 0 0   .01 .01 0   '-3.75';
LOCAL_TRANSFORMATION3
	{-0.417	0.855	-0.310	41.750}
	{-0.909	-0.392	0.142	-19.180}
	{0.000	0.341	0.940	26.250}
	{0.000	0.000	0.000	1.000}
	REPLACE ;
LINE_COLOR	0.780	0.000	0.137 ;
TEXT_COLOR	0.780	0.000	0.137 ;
EXECUTE_STRUCTURE 16;
ANNOTATION_TEXT3 0 0 0   .01 .05 0   '2';
ANNOTATION_TEXT3 0 0 0   .01 .03 0   '41.75';
ANNOTATION_TEXT3 0 0 0   .01 .01 0   '-19.18';
LOCAL_TRANSFORMATION3
	{0.289	-0.943	0.164	-44.000}
	{0.957	0.285	-0.050	13.190}
	{0.000	0.172	0.985	32.740}
	{0.000	0.000	0.000	1.000}
	REPLACE ;
LINE_COLOR	1.000	1.000	1.000 ;
TEXT_COLOR	1.000	1.000	1.000 ;
EXECUTE_STRUCTURE 16;
ANNOTATION_TEXT3 0 0 0   .01 .05 0   '1';
ANNOTATION_TEXT3 0 0 0   .01 .03 0   '-44.00';
ANNOTATION_TEXT3 0 0 0   .01 .01 0   '13.19';
LOCAL_TRANSFORMATION3
	{0.419	-0.908	0.000	-41.730}
	{0.908	0.419	0.000	19.180}
	{0.000	0.000	1.000	25.000}
	{0.000	0.000	0.000	1.000}
	REPLACE ;
LINE_COLOR	0.780	0.300	0.780 ;
TEXT_COLOR	0.780	0.300	0.780 ;
EXECUTE_STRUCTURE 16;
ANNOTATION_TEXT3 0 0 0   .01 .05 0   '0';
ANNOTATION_TEXT3 0 0 0   .01 .03 0   '-41.73';
ANNOTATION_TEXT3 0 0 0   .01 .01 0   '19.18';
END_STRUCTURE;


BEGIN_STRUCTURE 202;
LOCAL_TRANSFORMATION3
	{0.002	-1.000	-0.001	0.000}
	{0.964	0.002	-0.265	-6.050}
	{0.265	0.000	0.964	49.040}
	{0.000	0.000	0.000	1.000}
	REPLACE ;
LINE_COLOR	0.000	0.700	0.700 ;
TEXT_COLOR	0.000	0.700	0.700 ;
EXECUTE_STRUCTURE 16;
ANNOTATION_TEXT3 0 0 0   .01 .05 0   '15';
ANNOTATION_TEXT3 0 0 0   .01 .03 0   '0.00';
ANNOTATION_TEXT3 0 0 0   .01 .01 0   '-6.05';
LOCAL_TRANSFORMATION3
	{0.002	-1.000	0.001	0.000}
	{0.870	0.002	0.493	11.340}
	{-0.493	0.000	0.870	46.860}
	{0.000	0.000	0.000	1.000}
	REPLACE ;
LINE_COLOR	0.780	0.000	0.137 ;
TEXT_COLOR	0.780	0.000	0.137 ;
EXECUTE_STRUCTURE 16;
ANNOTATION_TEXT3 0 0 0   .01 .05 0   '14';
ANNOTATION_TEXT3 0 0 0   .01 .03 0   '0.00';
ANNOTATION_TEXT3 0 0 0   .01 .01 0   '11.34';
LOCAL_TRANSFORMATION3
	{-0.869	0.173	-0.463	1.780}
	{-0.003	-0.938	-0.345	91.850}
	{-0.494	-0.299	0.817	19.750}
	{0.000	0.000	0.000	1.000}
	REPLACE ;
LINE_COLOR	1.000	1.000	1.000 ;
TEXT_COLOR	1.000	1.000	1.000 ;
EXECUTE_STRUCTURE 16;
ANNOTATION_TEXT3 0 0 0   .01 .05 0   '13';
ANNOTATION_TEXT3 0 0 0   .01 .03 0   '1.78';
ANNOTATION_TEXT3 0 0 0   .01 .01 0   '91.85';
LOCAL_TRANSFORMATION3
	{0.863	-0.167	-0.477	136.010}
	{-0.005	0.941	-0.337	78.740}
	{0.506	0.293	0.811	39.440}
	{0.000	0.000	0.000	1.000}
	REPLACE ;
LINE_COLOR	0.780	0.300	0.780 ;
TEXT_COLOR	0.780	0.300	0.780 ;
EXECUTE_STRUCTURE 16;
ANNOTATION_TEXT3 0 0 0   .01 .05 0   '12';
ANNOTATION_TEXT3 0 0 0   .01 .03 0   '136.01';
ANNOTATION_TEXT3 0 0 0   .01 .01 0   '78.74';
LOCAL_TRANSFORMATION3
	{-0.940	-0.002	-0.341	-103.210}
	{0.002	-1.000	0.001	-91.860}
	{-0.341	0.000	0.940	13.180}
	{0.000	0.000	0.000	1.000}
	REPLACE ;
LINE_COLOR	0.000	0.700	0.700 ;
TEXT_COLOR	0.000	0.700	0.700 ;
EXECUTE_STRUCTURE 16;
ANNOTATION_TEXT3 0 0 0   .01 .05 0   '11';
ANNOTATION_TEXT3 0 0 0   .01 .03 0   '-103.21';
ANNOTATION_TEXT3 0 0 0   .01 .01 0   '-91.86';
LOCAL_TRANSFORMATION3
	{-0.366	0.931	0.000	42.760}
	{-0.931	-0.366	0.000	-16.810}
	{0.000	0.000	1.000	26.240}
	{0.000	0.000	0.000	1.000}
	REPLACE ;
LINE_COLOR	0.780	0.000	0.137 ;
TEXT_COLOR	0.780	0.000	0.137 ;
EXECUTE_STRUCTURE 16;
ANNOTATION_TEXT3 0 0 0   .01 .05 0   '10';
ANNOTATION_TEXT3 0 0 0   .01 .03 0   '42.76';
ANNOTATION_TEXT3 0 0 0   .01 .01 0   '-16.81';
LOCAL_TRANSFORMATION3
	{-0.492	0.870	0.000	40.000}
	{-0.870	-0.492	0.000	-68.540}
	{0.000	0.000	1.000	26.180}
	{0.000	0.000	0.000	1.000}
	REPLACE ;
LINE_COLOR	1.000	1.000	1.000 ;
TEXT_COLOR	1.000	1.000	1.000 ;
EXECUTE_STRUCTURE 16;
ANNOTATION_TEXT3 0 0 0   .01 .05 0   '9';
ANNOTATION_TEXT3 0 0 0   .01 .03 0   '40.00';
ANNOTATION_TEXT3 0 0 0   .01 .01 0   '-68.54';
LOCAL_TRANSFORMATION3
	{0.870	0.493	0.000	22.610}
	{-0.493	0.870	0.000	-5.930}
	{0.000	0.000	1.000	19.680}
	{0.000	0.000	0.000	1.000}
	REPLACE ;
LINE_COLOR	0.780	0.300	0.780 ;
TEXT_COLOR	0.780	0.300	0.780 ;
EXECUTE_STRUCTURE 16;
ANNOTATION_TEXT3 0 0 0   .01 .05 0   '8';
ANNOTATION_TEXT3 0 0 0   .01 .03 0   '22.61';
ANNOTATION_TEXT3 0 0 0   .01 .01 0   '-5.93';
LOCAL_TRANSFORMATION3
	{-0.009	1.000	0.000	-45.980}
	{-1.000	-0.009	0.000	46.360}
	{0.000	0.000	1.000	39.370}
	{0.000	0.000	0.000	1.000}
	REPLACE ;
LINE_COLOR	0.000	0.700	0.700 ;
TEXT_COLOR	0.000	0.700	0.700 ;
EXECUTE_STRUCTURE 16;
ANNOTATION_TEXT3 0 0 0   .01 .05 0   '7';
ANNOTATION_TEXT3 0 0 0   .01 .03 0   '-45.98';
ANNOTATION_TEXT3 0 0 0   .01 .01 0   '46.36';
LOCAL_TRANSFORMATION3
	{0.493	-0.870	0.000	-40.520}
	{0.870	0.493	-0.003	22.900}
	{0.003	0.001	1.000	32.810}
	{0.000	0.000	0.000	1.000}
	REPLACE ;
LINE_COLOR	0.780	0.000	0.137 ;
TEXT_COLOR	0.780	0.000	0.137 ;
EXECUTE_STRUCTURE 16;
ANNOTATION_TEXT3 0 0 0   .01 .05 0   '6';
ANNOTATION_TEXT3 0 0 0   .01 .03 0   '-40.52';
ANNOTATION_TEXT3 0 0 0   .01 .01 0   '22.90';
LOCAL_TRANSFORMATION3
	{0.871	-0.492	0.000	22.560}
	{0.492	0.871	0.000	5.930}
	{0.000	0.000	1.000	13.120}
	{0.000	0.000	0.000	1.000}
	REPLACE ;
LINE_COLOR	1.000	1.000	1.000 ;
TEXT_COLOR	1.000	1.000	1.000 ;
EXECUTE_STRUCTURE 16;
ANNOTATION_TEXT3 0 0 0   .01 .05 0   '5';
ANNOTATION_TEXT3 0 0 0   .01 .03 0   '22.56';
ANNOTATION_TEXT3 0 0 0   .01 .01 0   '5.93';
LOCAL_TRANSFORMATION3
	{0.464	-0.797	-0.387	-39.980}
	{0.817	0.553	-0.161	-23.320}
	{0.342	-0.242	0.908	32.800}
	{0.000	0.000	0.000	1.000}
	REPLACE ;
LINE_COLOR	0.780	0.300	0.780 ;
TEXT_COLOR	0.780	0.300	0.780 ;
EXECUTE_STRUCTURE 16;
ANNOTATION_TEXT3 0 0 0   .01 .05 0   '4';
ANNOTATION_TEXT3 0 0 0   .01 .03 0   '-39.98';
ANNOTATION_TEXT3 0 0 0   .01 .01 0   '-23.32';
LOCAL_TRANSFORMATION3
	{-0.165	0.855	-0.492	45.320}
	{-0.986	-0.143	0.081	-7.560}
	{-0.001	0.499	0.867	26.310}
	{0.000	0.000	0.000	1.000}
	REPLACE ;
LINE_COLOR	0.000	0.700	0.700 ;
TEXT_COLOR	0.000	0.700	0.700 ;
EXECUTE_STRUCTURE 16;
ANNOTATION_TEXT3 0 0 0   .01 .05 0   '3';
ANNOTATION_TEXT3 0 0 0   .01 .03 0   '45.32';
ANNOTATION_TEXT3 0 0 0   .01 .01 0   '-7.56';
LOCAL_TRANSFORMATION3
	{-0.492	0.818	-0.297	40.000}
	{-0.870	-0.463	0.168	-22.600}
	{0.000	0.341	0.940	26.250}
	{0.000	0.000	0.000	1.000}
	REPLACE ;
LINE_COLOR	0.780	0.000	0.137 ;
TEXT_COLOR	0.780	0.000	0.137 ;
EXECUTE_STRUCTURE 16;
ANNOTATION_TEXT3 0 0 0   .01 .05 0   '2';
ANNOTATION_TEXT3 0 0 0   .01 .03 0   '40.00';
ANNOTATION_TEXT3 0 0 0   .01 .01 0   '-22.60';
LOCAL_TRANSFORMATION3
	{0.367	-0.916	0.160	-42.740}
	{0.930	0.361	-0.063	16.810}
	{0.000	0.172	0.985	32.740}
	{0.000	0.000	0.000	1.000}
	REPLACE ;
LINE_COLOR	1.000	1.000	1.000 ;
TEXT_COLOR	1.000	1.000	1.000 ;
EXECUTE_STRUCTURE 16;
ANNOTATION_TEXT3 0 0 0   .01 .05 0   '1';
ANNOTATION_TEXT3 0 0 0   .01 .03 0   '-42.74';
ANNOTATION_TEXT3 0 0 0   .01 .01 0   '16.81';
LOCAL_TRANSFORMATION3
	{0.493	-0.870	0.000	-39.970}
	{0.870	0.493	0.000	22.610}
	{0.000	0.000	1.000	25.000}
	{0.000	0.000	0.000	1.000}
	REPLACE ;
LINE_COLOR	0.780	0.300	0.780 ;
TEXT_COLOR	0.780	0.300	0.780 ;
EXECUTE_STRUCTURE 16;
ANNOTATION_TEXT3 0 0 0   .01 .05 0   '0';
ANNOTATION_TEXT3 0 0 0   .01 .03 0   '-39.97';
ANNOTATION_TEXT3 0 0 0   .01 .01 0   '22.61';
END_STRUCTURE;


BEGIN_STRUCTURE 203;
LOCAL_TRANSFORMATION3
	{0.002	-1.000	0.000	0.000}
	{0.983	0.002	-0.184	-4.170}
	{0.184	0.000	0.983	49.470}
	{0.000	0.000	0.000	1.000}
	REPLACE ;
LINE_COLOR	0.000	0.700	0.700 ;
TEXT_COLOR	0.000	0.700	0.700 ;
EXECUTE_STRUCTURE 16;
ANNOTATION_TEXT3 0 0 0   .01 .05 0   '15';
ANNOTATION_TEXT3 0 0 0   .01 .03 0   '0.00';
ANNOTATION_TEXT3 0 0 0   .01 .01 0   '-4.17';
LOCAL_TRANSFORMATION3
	{0.002	-1.000	0.001	0.000}
	{0.826	0.002	0.564	12.970}
	{-0.564	0.000	0.826	45.840}
	{0.000	0.000	0.000	1.000}
	REPLACE ;
LINE_COLOR	0.780	0.000	0.137 ;
TEXT_COLOR	0.780	0.000	0.137 ;
EXECUTE_STRUCTURE 16;
ANNOTATION_TEXT3 0 0 0   .01 .05 0   '14';
ANNOTATION_TEXT3 0 0 0   .01 .03 0   '0.00';
ANNOTATION_TEXT3 0 0 0   .01 .01 0   '12.97';
LOCAL_TRANSFORMATION3
	{-0.869	0.173	-0.463	0.460}
	{-0.003	-0.939	-0.344	91.850}
	{-0.494	-0.298	0.817	19.750}
	{0.000	0.000	0.000	1.000}
	REPLACE ;
LINE_COLOR	1.000	1.000	1.000 ;
TEXT_COLOR	1.000	1.000	1.000 ;
EXECUTE_STRUCTURE 16;
ANNOTATION_TEXT3 0 0 0   .01 .05 0   '13';
ANNOTATION_TEXT3 0 0 0   .01 .03 0   '0.46';
ANNOTATION_TEXT3 0 0 0   .01 .01 0   '91.85';
LOCAL_TRANSFORMATION3
	{0.863	-0.167	-0.477	137.320}
	{-0.005	0.941	-0.337	78.740}
	{0.506	0.293	0.811	39.440}
	{0.000	0.000	0.000	1.000}
	REPLACE ;
LINE_COLOR	0.780	0.300	0.780 ;
TEXT_COLOR	0.780	0.300	0.780 ;
EXECUTE_STRUCTURE 16;
ANNOTATION_TEXT3 0 0 0   .01 .05 0   '12';
ANNOTATION_TEXT3 0 0 0   .01 .03 0   '137.32';
ANNOTATION_TEXT3 0 0 0   .01 .01 0   '78.74';
LOCAL_TRANSFORMATION3
	{-1.000	-0.006	-0.007	-104.520}
	{0.006	-1.000	0.000	-91.860}
	{-0.007	0.000	1.000	13.180}
	{0.000	0.000	0.000	1.000}
	REPLACE ;
LINE_COLOR	0.000	0.700	0.700 ;
TEXT_COLOR	0.000	0.700	0.700 ;
EXECUTE_STRUCTURE 16;
ANNOTATION_TEXT3 0 0 0   .01 .05 0   '11';
ANNOTATION_TEXT3 0 0 0   .01 .03 0   '-104.52';
ANNOTATION_TEXT3 0 0 0   .01 .01 0   '-91.86';
LOCAL_TRANSFORMATION3
	{-0.444	0.896	0.000	41.200}
	{-0.896	-0.444	0.000	-20.340}
	{0.000	0.000	1.000	26.240}
	{0.000	0.000	0.000	1.000}
	REPLACE ;
LINE_COLOR	0.780	0.000	0.137 ;
TEXT_COLOR	0.780	0.000	0.137 ;
EXECUTE_STRUCTURE 16;
ANNOTATION_TEXT3 0 0 0   .01 .05 0   '10';
ANNOTATION_TEXT3 0 0 0   .01 .03 0   '41.20';
ANNOTATION_TEXT3 0 0 0   .01 .01 0   '-20.34';
LOCAL_TRANSFORMATION3
	{-0.563	0.826	0.000	37.970}
	{-0.826	-0.563	0.000	-71.800}
	{0.000	0.000	1.000	26.180}
	{0.000	0.000	0.000	1.000}
	REPLACE ;
LINE_COLOR	1.000	1.000	1.000 ;
TEXT_COLOR	1.000	1.000	1.000 ;
EXECUTE_STRUCTURE 16;
ANNOTATION_TEXT3 0 0 0   .01 .05 0   '9';
ANNOTATION_TEXT3 0 0 0   .01 .03 0   '37.97';
ANNOTATION_TEXT3 0 0 0   .01 .01 0   '-71.80';
LOCAL_TRANSFORMATION3
	{0.827	0.563	0.000	25.880}
	{-0.563	0.827	0.000	-7.960}
	{0.000	0.000	1.000	19.680}
	{0.000	0.000	0.000	1.000}
	REPLACE ;
LINE_COLOR	0.780	0.300	0.780 ;
TEXT_COLOR	0.780	0.300	0.780 ;
EXECUTE_STRUCTURE 16;
ANNOTATION_TEXT3 0 0 0   .01 .05 0   '8';
ANNOTATION_TEXT3 0 0 0   .01 .03 0   '25.88';
ANNOTATION_TEXT3 0 0 0   .01 .01 0   '-7.96';
LOCAL_TRANSFORMATION3
	{0.075	0.997	0.000	-45.850}
	{-0.997	0.075	0.000	42.500}
	{0.000	0.000	1.000	39.370}
	{0.000	0.000	0.000	1.000}
	REPLACE ;
LINE_COLOR	0.000	0.700	0.700 ;
TEXT_COLOR	0.000	0.700	0.700 ;
EXECUTE_STRUCTURE 16;
ANNOTATION_TEXT3 0 0 0   .01 .05 0   '7';
ANNOTATION_TEXT3 0 0 0   .01 .03 0   '-45.85';
ANNOTATION_TEXT3 0 0 0   .01 .01 0   '42.50';
LOCAL_TRANSFORMATION3
	{0.564	-0.826	0.000	-38.460}
	{0.826	0.564	-0.003	26.210}
	{0.003	0.001	1.000	32.810}
	{0.000	0.000	0.000	1.000}
	REPLACE ;
LINE_COLOR	0.780	0.000	0.137 ;
TEXT_COLOR	0.780	0.000	0.137 ;
EXECUTE_STRUCTURE 16;
ANNOTATION_TEXT3 0 0 0   .01 .05 0   '6';
ANNOTATION_TEXT3 0 0 0   .01 .03 0   '-38.46';
ANNOTATION_TEXT3 0 0 0   .01 .01 0   '26.21';
LOCAL_TRANSFORMATION3
	{0.827	-0.562	0.000	25.820}
	{0.562	0.827	0.000	7.950}
	{0.000	0.000	1.000	13.120}
	{0.000	0.000	0.000	1.000}
	REPLACE ;
LINE_COLOR	1.000	1.000	1.000 ;
TEXT_COLOR	1.000	1.000	1.000 ;
EXECUTE_STRUCTURE 16;
ANNOTATION_TEXT3 0 0 0   .01 .05 0   '5';
ANNOTATION_TEXT3 0 0 0   .01 .03 0   '25.82';
ANNOTATION_TEXT3 0 0 0   .01 .01 0   '7.95';
LOCAL_TRANSFORMATION3
	{0.530	-0.748	-0.399	-37.950}
	{0.776	0.618	-0.128	-20.050}
	{0.342	-0.242	0.908	32.800}
	{0.000	0.000	0.000	1.000}
	REPLACE ;
LINE_COLOR	0.780	0.300	0.780 ;
TEXT_COLOR	0.780	0.300	0.780 ;
EXECUTE_STRUCTURE 16;
ANNOTATION_TEXT3 0 0 0   .01 .05 0   '4';
ANNOTATION_TEXT3 0 0 0   .01 .03 0   '-37.95';
ANNOTATION_TEXT3 0 0 0   .01 .01 0   '-20.05';
LOCAL_TRANSFORMATION3
	{-0.246	0.840	-0.484	44.530}
	{-0.969	-0.214	0.122	-11.310}
	{-0.001	0.499	0.867	26.310}
	{0.000	0.000	0.000	1.000}
	REPLACE ;
LINE_COLOR	0.000	0.700	0.700 ;
TEXT_COLOR	0.000	0.700	0.700 ;
EXECUTE_STRUCTURE 16;
ANNOTATION_TEXT3 0 0 0   .01 .05 0   '3';
ANNOTATION_TEXT3 0 0 0   .01 .03 0   '44.53';
ANNOTATION_TEXT3 0 0 0   .01 .01 0   '-11.31';
LOCAL_TRANSFORMATION3
	{-0.563	0.777	-0.282	37.960}
	{-0.826	-0.530	0.192	-25.880}
	{0.000	0.341	0.940	26.250}
	{0.000	0.000	0.000	1.000}
	REPLACE ;
LINE_COLOR	0.780	0.000	0.137 ;
TEXT_COLOR	0.780	0.000	0.137 ;
EXECUTE_STRUCTURE 16;
ANNOTATION_TEXT3 0 0 0   .01 .05 0   '2';
ANNOTATION_TEXT3 0 0 0   .01 .03 0   '37.96';
ANNOTATION_TEXT3 0 0 0   .01 .01 0   '-25.88';
LOCAL_TRANSFORMATION3
	{0.444	-0.882	0.154	-41.180}
	{0.896	0.438	-0.076	20.340}
	{0.000	0.172	0.985	32.740}
	{0.000	0.000	0.000	1.000}
	REPLACE ;
LINE_COLOR	1.000	1.000	1.000 ;
TEXT_COLOR	1.000	1.000	1.000 ;
EXECUTE_STRUCTURE 16;
ANNOTATION_TEXT3 0 0 0   .01 .05 0   '1';
ANNOTATION_TEXT3 0 0 0   .01 .03 0   '-41.18';
ANNOTATION_TEXT3 0 0 0   .01 .01 0   '20.34';
LOCAL_TRANSFORMATION3
	{0.564	-0.826	0.000	-37.950}
	{0.826	0.564	0.000	25.870}
	{0.000	0.000	1.000	25.000}
	{0.000	0.000	0.000	1.000}
	REPLACE ;
LINE_COLOR	0.780	0.300	0.780 ;
TEXT_COLOR	0.780	0.300	0.780 ;
EXECUTE_STRUCTURE 16;
ANNOTATION_TEXT3 0 0 0   .01 .05 0   '0';
ANNOTATION_TEXT3 0 0 0   .01 .03 0   '-37.95';
ANNOTATION_TEXT3 0 0 0   .01 .01 0   '25.87';
END_STRUCTURE;


BEGIN_STRUCTURE 204;
LOCAL_TRANSFORMATION3
	{0.002	-1.000	0.000	0.000}
	{0.995	0.002	-0.101	-2.270}
	{0.101	0.000	0.995	49.750}
	{0.000	0.000	0.000	1.000}
	REPLACE ;
LINE_COLOR	0.000	0.700	0.700 ;
TEXT_COLOR	0.000	0.700	0.700 ;
EXECUTE_STRUCTURE 16;
ANNOTATION_TEXT3 0 0 0   .01 .05 0   '15';
ANNOTATION_TEXT3 0 0 0   .01 .03 0   '0.00';
ANNOTATION_TEXT3 0 0 0   .01 .01 0   '-2.27';
LOCAL_TRANSFORMATION3
	{0.001	-1.000	0.001	0.000}
	{0.775	0.002	0.632	14.520}
	{-0.632	0.000	0.775	44.680}
	{0.000	0.000	0.000	1.000}
	REPLACE ;
LINE_COLOR	0.780	0.000	0.137 ;
TEXT_COLOR	0.780	0.000	0.137 ;
EXECUTE_STRUCTURE 16;
ANNOTATION_TEXT3 0 0 0   .01 .05 0   '14';
ANNOTATION_TEXT3 0 0 0   .01 .03 0   '0.00';
ANNOTATION_TEXT3 0 0 0   .01 .01 0   '14.52';
LOCAL_TRANSFORMATION3
	{-0.869	0.173	-0.463	-0.840}
	{-0.003	-0.939	-0.344	91.850}
	{-0.494	-0.298	0.817	19.750}
	{0.000	0.000	0.000	1.000}
	REPLACE ;
LINE_COLOR	1.000	1.000	1.000 ;
TEXT_COLOR	1.000	1.000	1.000 ;
EXECUTE_STRUCTURE 16;
ANNOTATION_TEXT3 0 0 0   .01 .05 0   '13';
ANNOTATION_TEXT3 0 0 0   .01 .03 0   '-0.84';
ANNOTATION_TEXT3 0 0 0   .01 .01 0   '91.85';
LOCAL_TRANSFORMATION3
	{0.863	-0.167	-0.477	138.630}
	{-0.005	0.941	-0.337	78.750}
	{0.506	0.293	0.811	39.440}
	{0.000	0.000	0.000	1.000}
	REPLACE ;
LINE_COLOR	0.780	0.300	0.780 ;
TEXT_COLOR	0.780	0.300	0.780 ;
EXECUTE_STRUCTURE 16;
ANNOTATION_TEXT3 0 0 0   .01 .05 0   '12';
ANNOTATION_TEXT3 0 0 0   .01 .03 0   '138.63';
ANNOTATION_TEXT3 0 0 0   .01 .01 0   '78.75';
LOCAL_TRANSFORMATION3
	{-0.999	0.010	-0.035	-105.830}
	{-0.010	-1.000	0.000	-91.860}
	{-0.035	0.000	0.999	13.180}
	{0.000	0.000	0.000	1.000}
	REPLACE ;
LINE_COLOR	0.000	0.700	0.700 ;
TEXT_COLOR	0.000	0.700	0.700 ;
EXECUTE_STRUCTURE 16;
ANNOTATION_TEXT3 0 0 0   .01 .05 0   '11';
ANNOTATION_TEXT3 0 0 0   .01 .03 0   '-105.83';
ANNOTATION_TEXT3 0 0 0   .01 .01 0   '-91.86';
LOCAL_TRANSFORMATION3
	{-0.517	0.856	0.000	39.360}
	{-0.856	-0.517	0.000	-23.710}
	{0.000	0.000	1.000	26.240}
	{0.000	0.000	0.000	1.000}
	REPLACE ;
LINE_COLOR	0.780	0.000	0.137 ;
TEXT_COLOR	0.780	0.000	0.137 ;
EXECUTE_STRUCTURE 16;
ANNOTATION_TEXT3 0 0 0   .01 .05 0   '10';
ANNOTATION_TEXT3 0 0 0   .01 .03 0   '39.36';
ANNOTATION_TEXT3 0 0 0   .01 .01 0   '-23.71';
LOCAL_TRANSFORMATION3
	{-0.631	0.775	0.000	35.680}
	{-0.775	-0.631	0.000	-74.880}
	{0.000	0.000	1.000	26.180}
	{0.000	0.000	0.000	1.000}
	REPLACE ;
LINE_COLOR	1.000	1.000	1.000 ;
TEXT_COLOR	1.000	1.000	1.000 ;
EXECUTE_STRUCTURE 16;
ANNOTATION_TEXT3 0 0 0   .01 .05 0   '9';
ANNOTATION_TEXT3 0 0 0   .01 .03 0   '35.68';
ANNOTATION_TEXT3 0 0 0   .01 .01 0   '-74.88';
LOCAL_TRANSFORMATION3
	{0.776	0.631	0.002	28.970}
	{-0.631	0.776	0.002	-10.260}
	{0.000	-0.003	1.000	19.680}
	{0.000	0.000	0.000	1.000}
	REPLACE ;
LINE_COLOR	0.780	0.300	0.780 ;
TEXT_COLOR	0.780	0.300	0.780 ;
EXECUTE_STRUCTURE 16;
ANNOTATION_TEXT3 0 0 0   .01 .05 0   '8';
ANNOTATION_TEXT3 0 0 0   .01 .03 0   '28.97';
ANNOTATION_TEXT3 0 0 0   .01 .01 0   '-10.26';
LOCAL_TRANSFORMATION3
	{0.158	0.987	0.000	-45.400}
	{-0.987	0.158	0.000	38.670}
	{0.000	0.000	1.000	39.370}
	{0.000	0.000	0.000	1.000}
	REPLACE ;
LINE_COLOR	0.000	0.700	0.700 ;
TEXT_COLOR	0.000	0.700	0.700 ;
EXECUTE_STRUCTURE 16;
ANNOTATION_TEXT3 0 0 0   .01 .05 0   '7';
ANNOTATION_TEXT3 0 0 0   .01 .03 0   '-45.40';
ANNOTATION_TEXT3 0 0 0   .01 .01 0   '38.67';
LOCAL_TRANSFORMATION3
	{0.631	-0.776	-0.001	-36.130}
	{0.776	0.631	-0.003	29.340}
	{0.003	0.001	1.000	32.800}
	{0.000	0.000	0.000	1.000}
	REPLACE ;
LINE_COLOR	0.780	0.000	0.137 ;
TEXT_COLOR	0.780	0.000	0.137 ;
EXECUTE_STRUCTURE 16;
ANNOTATION_TEXT3 0 0 0   .01 .05 0   '6';
ANNOTATION_TEXT3 0 0 0   .01 .03 0   '-36.13';
ANNOTATION_TEXT3 0 0 0   .01 .01 0   '29.34';
LOCAL_TRANSFORMATION3
	{0.777	-0.630	0.000	28.920}
	{0.630	0.777	0.000	10.260}
	{0.000	0.000	1.000	13.120}
	{0.000	0.000	0.000	1.000}
	REPLACE ;
LINE_COLOR	1.000	1.000	1.000 ;
TEXT_COLOR	1.000	1.000	1.000 ;
EXECUTE_STRUCTURE 16;
ANNOTATION_TEXT3 0 0 0   .01 .05 0   '5';
ANNOTATION_TEXT3 0 0 0   .01 .03 0   '28.92';
ANNOTATION_TEXT3 0 0 0   .01 .01 0   '10.26';
LOCAL_TRANSFORMATION3
	{0.593	-0.694	-0.409	-35.650}
	{0.729	0.678	-0.094	-16.960}
	{0.342	-0.242	0.908	32.800}
	{0.000	0.000	0.000	1.000}
	REPLACE ;
LINE_COLOR	0.780	0.300	0.780 ;
TEXT_COLOR	0.780	0.300	0.780 ;
EXECUTE_STRUCTURE 16;
ANNOTATION_TEXT3 0 0 0   .01 .05 0   '4';
ANNOTATION_TEXT3 0 0 0   .01 .03 0   '-35.65';
ANNOTATION_TEXT3 0 0 0   .01 .01 0   '-16.96';
LOCAL_TRANSFORMATION3
	{-0.327	0.819	-0.472	43.420}
	{-0.945	-0.284	0.162	-15.010}
	{-0.001	0.499	0.867	26.310}
	{0.000	0.000	0.000	1.000}
	REPLACE ;
LINE_COLOR	0.000	0.700	0.700 ;
TEXT_COLOR	0.000	0.700	0.700 ;
EXECUTE_STRUCTURE 16;
ANNOTATION_TEXT3 0 0 0   .01 .05 0   '3';
ANNOTATION_TEXT3 0 0 0   .01 .03 0   '43.42';
ANNOTATION_TEXT3 0 0 0   .01 .01 0   '-15.01';
LOCAL_TRANSFORMATION3
	{-0.630	0.730	-0.265	35.670}
	{-0.776	-0.593	0.215	-28.960}
	{0.000	0.341	0.940	26.250}
	{0.000	0.000	0.000	1.000}
	REPLACE ;
LINE_COLOR	0.780	0.000	0.137 ;
TEXT_COLOR	0.780	0.000	0.137 ;
EXECUTE_STRUCTURE 16;
ANNOTATION_TEXT3 0 0 0   .01 .05 0   '2';
ANNOTATION_TEXT3 0 0 0   .01 .03 0   '35.67';
ANNOTATION_TEXT3 0 0 0   .01 .01 0   '-28.96';
LOCAL_TRANSFORMATION3
	{0.517	-0.844	0.147	-39.340}
	{0.856	0.509	-0.089	23.710}
	{0.000	0.172	0.985	32.740}
	{0.000	0.000	0.000	1.000}
	REPLACE ;
LINE_COLOR	1.000	1.000	1.000 ;
TEXT_COLOR	1.000	1.000	1.000 ;
EXECUTE_STRUCTURE 16;
ANNOTATION_TEXT3 0 0 0   .01 .05 0   '1';
ANNOTATION_TEXT3 0 0 0   .01 .03 0   '-39.34';
ANNOTATION_TEXT3 0 0 0   .01 .01 0   '23.71';
LOCAL_TRANSFORMATION3
	{0.631	-0.776	0.000	-35.640}
	{0.776	0.631	0.000	28.970}
	{0.000	0.000	1.000	25.000}
	{0.000	0.000	0.000	1.000}
	REPLACE ;
LINE_COLOR	0.780	0.300	0.780 ;
TEXT_COLOR	0.780	0.300	0.780 ;
EXECUTE_STRUCTURE 16;
ANNOTATION_TEXT3 0 0 0   .01 .05 0   '0';
ANNOTATION_TEXT3 0 0 0   .01 .03 0   '-35.64';
ANNOTATION_TEXT3 0 0 0   .01 .01 0   '28.97';
END_STRUCTURE;


BEGIN_STRUCTURE 205;
LOCAL_TRANSFORMATION3
	{0.002	-1.000	0.000	0.000}
	{1.000	0.002	-0.017	-0.350}
	{0.017	0.000	1.000	49.860}
	{0.000	0.000	0.000	1.000}
	REPLACE ;
LINE_COLOR	0.000	0.700	0.700 ;
TEXT_COLOR	0.000	0.700	0.700 ;
EXECUTE_STRUCTURE 16;
ANNOTATION_TEXT3 0 0 0   .01 .05 0   '15';
ANNOTATION_TEXT3 0 0 0   .01 .03 0   '0.00';
ANNOTATION_TEXT3 0 0 0   .01 .01 0   '-0.35';
LOCAL_TRANSFORMATION3
	{0.001	-1.000	0.001	0.000}
	{0.721	0.002	0.693	15.950}
	{-0.693	0.000	0.721	43.400}
	{0.000	0.000	0.000	1.000}
	REPLACE ;
LINE_COLOR	0.780	0.000	0.137 ;
TEXT_COLOR	0.780	0.000	0.137 ;
EXECUTE_STRUCTURE 16;
ANNOTATION_TEXT3 0 0 0   .01 .05 0   '14';
ANNOTATION_TEXT3 0 0 0   .01 .03 0   '0.00';
ANNOTATION_TEXT3 0 0 0   .01 .01 0   '15.95';
LOCAL_TRANSFORMATION3
	{-0.869	0.173	-0.463	-2.150}
	{-0.003	-0.939	-0.344	91.850}
	{-0.494	-0.298	0.817	19.750}
	{0.000	0.000	0.000	1.000}
	REPLACE ;
LINE_COLOR	1.000	1.000	1.000 ;
TEXT_COLOR	1.000	1.000	1.000 ;
EXECUTE_STRUCTURE 16;
ANNOTATION_TEXT3 0 0 0   .01 .05 0   '13';
ANNOTATION_TEXT3 0 0 0   .01 .03 0   '-2.15';
ANNOTATION_TEXT3 0 0 0   .01 .01 0   '91.85';
LOCAL_TRANSFORMATION3
	{0.863	-0.165	-0.478	139.950}
	{-0.006	0.942	-0.336	78.740}
	{0.506	0.293	0.811	39.440}
	{0.000	0.000	0.000	1.000}
	REPLACE ;
LINE_COLOR	0.780	0.300	0.780 ;
TEXT_COLOR	0.780	0.300	0.780 ;
EXECUTE_STRUCTURE 16;
ANNOTATION_TEXT3 0 0 0   .01 .05 0   '12';
ANNOTATION_TEXT3 0 0 0   .01 .03 0   '139.95';
ANNOTATION_TEXT3 0 0 0   .01 .01 0   '78.74';
LOCAL_TRANSFORMATION3
	{-1.000	-0.006	0.030	-107.150}
	{0.006	-1.000	0.000	-91.860}
	{0.030	0.000	1.000	13.200}
	{0.000	0.000	0.000	1.000}
	REPLACE ;
LINE_COLOR	0.000	0.700	0.700 ;
TEXT_COLOR	0.000	0.700	0.700 ;
EXECUTE_STRUCTURE 16;
ANNOTATION_TEXT3 0 0 0   .01 .05 0   '11';
ANNOTATION_TEXT3 0 0 0   .01 .03 0   '-107.15';
ANNOTATION_TEXT3 0 0 0   .01 .01 0   '-91.86';
LOCAL_TRANSFORMATION3
	{-0.587	0.810	0.000	37.240}
	{-0.810	-0.587	0.000	-26.910}
	{0.000	0.000	1.000	26.240}
	{0.000	0.000	0.000	1.000}
	REPLACE ;
LINE_COLOR	0.780	0.000	0.137 ;
TEXT_COLOR	0.780	0.000	0.137 ;
EXECUTE_STRUCTURE 16;
ANNOTATION_TEXT3 0 0 0   .01 .05 0   '10';
ANNOTATION_TEXT3 0 0 0   .01 .03 0   '37.24';
ANNOTATION_TEXT3 0 0 0   .01 .01 0   '-26.91';
LOCAL_TRANSFORMATION3
	{-0.693	0.721	0.000	33.120}
	{-0.721	-0.693	0.000	-77.770}
	{0.000	0.000	1.000	26.180}
	{0.000	0.000	0.000	1.000}
	REPLACE ;
LINE_COLOR	1.000	1.000	1.000 ;
TEXT_COLOR	1.000	1.000	1.000 ;
EXECUTE_STRUCTURE 16;
ANNOTATION_TEXT3 0 0 0   .01 .05 0   '9';
ANNOTATION_TEXT3 0 0 0   .01 .03 0   '33.12';
ANNOTATION_TEXT3 0 0 0   .01 .01 0   '-77.77';
LOCAL_TRANSFORMATION3
	{0.721	0.693	0.002	31.850}
	{-0.693	0.721	0.002	-12.810}
	{0.000	-0.003	1.000	19.680}
	{0.000	0.000	0.000	1.000}
	REPLACE ;
LINE_COLOR	0.780	0.300	0.780 ;
TEXT_COLOR	0.780	0.300	0.780 ;
EXECUTE_STRUCTURE 16;
ANNOTATION_TEXT3 0 0 0   .01 .05 0   '8';
ANNOTATION_TEXT3 0 0 0   .01 .03 0   '31.85';
ANNOTATION_TEXT3 0 0 0   .01 .01 0   '-12.81';
LOCAL_TRANSFORMATION3
	{0.240	0.971	0.000	-44.640}
	{-0.971	0.240	0.000	34.910}
	{0.000	0.000	1.000	39.370}
	{0.000	0.000	0.000	1.000}
	REPLACE ;
LINE_COLOR	0.000	0.700	0.700 ;
TEXT_COLOR	0.000	0.700	0.700 ;
EXECUTE_STRUCTURE 16;
ANNOTATION_TEXT3 0 0 0   .01 .05 0   '7';
ANNOTATION_TEXT3 0 0 0   .01 .03 0   '-44.64';
ANNOTATION_TEXT3 0 0 0   .01 .01 0   '34.91';
LOCAL_TRANSFORMATION3
	{0.694	-0.720	-0.001	-33.550}
	{0.720	0.694	-0.003	32.260}
	{0.003	0.001	1.000	32.800}
	{0.000	0.000	0.000	1.000}
	REPLACE ;
LINE_COLOR	0.780	0.000	0.137 ;
TEXT_COLOR	0.780	0.000	0.137 ;
EXECUTE_STRUCTURE 16;
ANNOTATION_TEXT3 0 0 0   .01 .05 0   '6';
ANNOTATION_TEXT3 0 0 0   .01 .03 0   '-33.55';
ANNOTATION_TEXT3 0 0 0   .01 .01 0   '32.26';
LOCAL_TRANSFORMATION3
	{0.722	-0.692	0.000	31.810}
	{0.692	0.722	0.000	12.810}
	{0.000	0.000	1.000	13.120}
	{0.000	0.000	0.000	1.000}
	REPLACE ;
LINE_COLOR	1.000	1.000	1.000 ;
TEXT_COLOR	1.000	1.000	1.000 ;
EXECUTE_STRUCTURE 16;
ANNOTATION_TEXT3 0 0 0   .01 .05 0   '5';
ANNOTATION_TEXT3 0 0 0   .01 .03 0   '31.81';
ANNOTATION_TEXT3 0 0 0   .01 .01 0   '12.81';
LOCAL_TRANSFORMATION3
	{0.652	-0.635	-0.415	-33.090}
	{0.677	0.734	-0.060	-14.070}
	{0.342	-0.242	0.908	32.800}
	{0.000	0.000	0.000	1.000}
	REPLACE ;
LINE_COLOR	0.780	0.300	0.780 ;
TEXT_COLOR	0.780	0.300	0.780 ;
EXECUTE_STRUCTURE 16;
ANNOTATION_TEXT3 0 0 0   .01 .05 0   '4';
ANNOTATION_TEXT3 0 0 0   .01 .03 0   '-33.09';
ANNOTATION_TEXT3 0 0 0   .01 .01 0   '-14.07';
LOCAL_TRANSFORMATION3
	{-0.404	0.793	-0.457	42.010}
	{-0.915	-0.351	0.201	-18.600}
	{-0.001	0.499	0.867	26.310}
	{0.000	0.000	0.000	1.000}
	REPLACE ;
LINE_COLOR	0.000	0.700	0.700 ;
TEXT_COLOR	0.000	0.700	0.700 ;
EXECUTE_STRUCTURE 16;
ANNOTATION_TEXT3 0 0 0   .01 .05 0   '3';
ANNOTATION_TEXT3 0 0 0   .01 .03 0   '42.01';
ANNOTATION_TEXT3 0 0 0   .01 .01 0   '-18.60';
LOCAL_TRANSFORMATION3
	{-0.693	0.678	-0.246	33.120}
	{-0.721	-0.651	0.236	-31.850}
	{0.000	0.341	0.940	26.250}
	{0.000	0.000	0.000	1.000}
	REPLACE ;
LINE_COLOR	0.780	0.000	0.137 ;
TEXT_COLOR	0.780	0.000	0.137 ;
EXECUTE_STRUCTURE 16;
ANNOTATION_TEXT3 0 0 0   .01 .05 0   '2';
ANNOTATION_TEXT3 0 0 0   .01 .03 0   '33.12';
ANNOTATION_TEXT3 0 0 0   .01 .01 0   '-31.85';
LOCAL_TRANSFORMATION3
	{0.587	-0.797	0.139	-37.210}
	{0.809	0.579	-0.101	26.930}
	{0.000	0.172	0.985	32.740}
	{0.000	0.000	0.000	1.000}
	REPLACE ;
LINE_COLOR	1.000	1.000	1.000 ;
TEXT_COLOR	1.000	1.000	1.000 ;
EXECUTE_STRUCTURE 16;
ANNOTATION_TEXT3 0 0 0   .01 .05 0   '1';
ANNOTATION_TEXT3 0 0 0   .01 .03 0   '-37.21';
ANNOTATION_TEXT3 0 0 0   .01 .01 0   '26.93';
LOCAL_TRANSFORMATION3
	{0.694	-0.720	0.000	-33.100}
	{0.720	0.694	0.000	31.840}
	{0.000	0.000	1.000	25.000}
	{0.000	0.000	0.000	1.000}
	REPLACE ;
LINE_COLOR	0.780	0.300	0.780 ;
TEXT_COLOR	0.780	0.300	0.780 ;
EXECUTE_STRUCTURE 16;
ANNOTATION_TEXT3 0 0 0   .01 .05 0   '0';
ANNOTATION_TEXT3 0 0 0   .01 .03 0   '-33.10';
ANNOTATION_TEXT3 0 0 0   .01 .01 0   '31.84';
END_STRUCTURE;


BEGIN_STRUCTURE 206;
LOCAL_TRANSFORMATION3
	{0.002	-1.000	0.000	0.000}
	{0.998	0.002	0.065	1.560}
	{-0.065	0.000	0.998	49.810}
	{0.000	0.000	0.000	1.000}
	REPLACE ;
LINE_COLOR	0.000	0.700	0.700 ;
TEXT_COLOR	0.000	0.700	0.700 ;
EXECUTE_STRUCTURE 16;
ANNOTATION_TEXT3 0 0 0   .01 .05 0   '15';
ANNOTATION_TEXT3 0 0 0   .01 .03 0   '0.00';
ANNOTATION_TEXT3 0 0 0   .01 .01 0   '1.56';
LOCAL_TRANSFORMATION3
	{0.001	-1.000	0.001	0.000}
	{0.659	0.002	0.752	17.270}
	{-0.752	0.000	0.659	42.010}
	{0.000	0.000	0.000	1.000}
	REPLACE ;
LINE_COLOR	0.780	0.000	0.137 ;
TEXT_COLOR	0.780	0.000	0.137 ;
EXECUTE_STRUCTURE 16;
ANNOTATION_TEXT3 0 0 0   .01 .05 0   '14';
ANNOTATION_TEXT3 0 0 0   .01 .03 0   '0.00';
ANNOTATION_TEXT3 0 0 0   .01 .01 0   '17.27';
LOCAL_TRANSFORMATION3
	{-0.869	0.173	-0.463	-3.460}
	{-0.003	-0.939	-0.344	91.850}
	{-0.494	-0.298	0.817	19.750}
	{0.000	0.000	0.000	1.000}
	REPLACE ;
LINE_COLOR	1.000	1.000	1.000 ;
TEXT_COLOR	1.000	1.000	1.000 ;
EXECUTE_STRUCTURE 16;
ANNOTATION_TEXT3 0 0 0   .01 .05 0   '13';
ANNOTATION_TEXT3 0 0 0   .01 .03 0   '-3.46';
ANNOTATION_TEXT3 0 0 0   .01 .01 0   '91.85';
LOCAL_TRANSFORMATION3
	{0.863	-0.165	-0.478	141.260}
	{-0.006	0.942	-0.336	78.740}
	{0.506	0.293	0.811	39.440}
	{0.000	0.000	0.000	1.000}
	REPLACE ;
LINE_COLOR	0.780	0.300	0.780 ;
TEXT_COLOR	0.780	0.300	0.780 ;
EXECUTE_STRUCTURE 16;
ANNOTATION_TEXT3 0 0 0   .01 .05 0   '12';
ANNOTATION_TEXT3 0 0 0   .01 .03 0   '141.26';
ANNOTATION_TEXT3 0 0 0   .01 .01 0   '78.74';
LOCAL_TRANSFORMATION3
	{-0.999	-0.013	0.031	-108.460}
	{0.013	-1.000	0.000	-91.860}
	{0.031	0.000	1.000	13.180}
	{0.000	0.000	0.000	1.000}
	REPLACE ;
LINE_COLOR	0.000	0.700	0.700 ;
TEXT_COLOR	0.000	0.700	0.700 ;
EXECUTE_STRUCTURE 16;
ANNOTATION_TEXT3 0 0 0   .01 .05 0   '11';
ANNOTATION_TEXT3 0 0 0   .01 .03 0   '-108.46';
ANNOTATION_TEXT3 0 0 0   .01 .01 0   '-91.86';
LOCAL_TRANSFORMATION3
	{-0.652	0.758	0.000	34.850}
	{-0.758	-0.652	0.000	-29.940}
	{0.000	0.000	1.000	26.240}
	{0.000	0.000	0.000	1.000}
	REPLACE ;
LINE_COLOR	0.780	0.000	0.137 ;
TEXT_COLOR	0.780	0.000	0.137 ;
EXECUTE_STRUCTURE 16;
ANNOTATION_TEXT3 0 0 0   .01 .05 0   '10';
ANNOTATION_TEXT3 0 0 0   .01 .03 0   '34.85';
ANNOTATION_TEXT3 0 0 0   .01 .01 0   '-29.94';
LOCAL_TRANSFORMATION3
	{-0.752	0.659	0.000	30.350}
	{-0.659	-0.752	0.000	-80.430}
	{0.000	0.000	1.000	26.180}
	{0.000	0.000	0.000	1.000}
	REPLACE ;
LINE_COLOR	1.000	1.000	1.000 ;
TEXT_COLOR	1.000	1.000	1.000 ;
EXECUTE_STRUCTURE 16;
ANNOTATION_TEXT3 0 0 0   .01 .05 0   '9';
ANNOTATION_TEXT3 0 0 0   .01 .03 0   '30.35';
ANNOTATION_TEXT3 0 0 0   .01 .01 0   '-80.43';
LOCAL_TRANSFORMATION3
	{0.660	0.751	0.002	34.510}
	{-0.751	0.660	0.002	-15.590}
	{0.000	-0.003	1.000	19.680}
	{0.000	0.000	0.000	1.000}
	REPLACE ;
LINE_COLOR	0.780	0.300	0.780 ;
TEXT_COLOR	0.780	0.300	0.780 ;
EXECUTE_STRUCTURE 16;
ANNOTATION_TEXT3 0 0 0   .01 .05 0   '8';
ANNOTATION_TEXT3 0 0 0   .01 .03 0   '34.51';
ANNOTATION_TEXT3 0 0 0   .01 .01 0   '-15.59';
LOCAL_TRANSFORMATION3
	{0.320	0.947	0.000	-43.550}
	{-0.947	0.320	0.000	31.200}
	{0.000	0.000	1.000	39.370}
	{0.000	0.000	0.000	1.000}
	REPLACE ;
LINE_COLOR	0.000	0.700	0.700 ;
TEXT_COLOR	0.000	0.700	0.700 ;
EXECUTE_STRUCTURE 16;
ANNOTATION_TEXT3 0 0 0   .01 .05 0   '7';
ANNOTATION_TEXT3 0 0 0   .01 .03 0   '-43.55';
ANNOTATION_TEXT3 0 0 0   .01 .01 0   '31.20';
LOCAL_TRANSFORMATION3
	{0.752	-0.659	-0.002	-30.730}
	{0.659	0.752	-0.004	34.960}
	{0.004	0.001	1.000	32.800}
	{0.000	0.000	0.000	1.000}
	REPLACE ;
LINE_COLOR	0.780	0.000	0.137 ;
TEXT_COLOR	0.780	0.000	0.137 ;
EXECUTE_STRUCTURE 16;
ANNOTATION_TEXT3 0 0 0   .01 .05 0   '6';
ANNOTATION_TEXT3 0 0 0   .01 .03 0   '-30.73';
ANNOTATION_TEXT3 0 0 0   .01 .01 0   '34.96';
LOCAL_TRANSFORMATION3
	{0.661	-0.750	0.000	34.460}
	{0.750	0.661	0.000	15.590}
	{0.000	0.000	1.000	13.120}
	{0.000	0.000	0.000	1.000}
	REPLACE ;
LINE_COLOR	1.000	1.000	1.000 ;
